日期  质量等级  AQI指数  当天AQI排名  PM2.5  PM10  So2  No2  Co  O3
2018-10-01  优 26  11 11 23 9 23 0.51 35
2018-10-02  良 53  154 29 57 27 36 1.16 33
2018-10-03  良 61  161 37 67 33 48 1.42 42
2018-10-04  良 71  235 46 81 31 50 1.41 49
2018-10-05  良 66  197 42 74 23 50 1.21 46
2018-10-06  良 63  174 37 67 15 35 0.78 32
2018-10-07  良 59  162 30 69 29 37 0.90 28
2018-10-08  良 57  151 31 67 21 40 0.93 28
2018-10-09  良 52  161 29 59 15 32 0.71 25
2018-10-10  优 28  42 12 27 11 23 0.50 26
2018-10-11  优 46  148 24 47 14 34 0.68 20
2018-10-12  良 63  222 38 72 28 47 1.21 29
2018-10-13  良 82  314 56 92 31 48 1.42 53
2018-10-14  良 75  285 49 81 24 43 1.10 65
2018-10-15  良 64  260 36 75 15 44 0.88 24
2018-10-16  良 51  176 25 56 13 35 0.66 26
2018-10-17  良 58  222 33 67 19 38 0.78 26
2018-10-18  良 62  260 38 71 14 47 0.80 27
2018-10-19  轻度污染 119  358 87 137 30 71 1.56 23
2018-10-20  轻度污染 126  359 94 148 31 66 1.73 36
2018-10-21  轻度污染 132  350 100 158 39 59 1.90 63
2018-10-22  良 84  285 61 95 25 31 1.10 87
2018-10-23  优 44  116 26 43 18 31 0.76 44
2018-10-24  良 57  174 30 63 26 41 1.17 42
2018-10-25  良 70  225 45 86 24 45 1.24 53
2018-10-26  优 43  75 8 46 9 18 0.42 45
2018-10-27  优 42  81 7 41 8 15 0.38 43
2018-10-28  优 28  30 10 27 10 25 0.48 31
2018-10-29  优 25  20 8 24 10 20 0.40 26
2018-10-30  优 45  92 25 46 22 32 0.80 18
2018-10-31  良 67  236 45 75 26 45 0.87 15
